%YAML:1.0
---
cameraMatrix: !!opencv-matrix
   rows: 3
   cols: 3
   dt: d
   data: [ 2500.8759060859361, 0., 2011.375359914837, 0.,
       2499.7914018486908, 1012.609047405611, 0., 0., 1. ]
distCoeffs: !!opencv-matrix
   rows: 1
   cols: 5
   dt: d
   data: [ 0.21154155058551991, -0.55106746707000809,
       -0.00058365096739624082, -0.00075244175817778408,
       0.37126897015179039 ]
